1644167169	1372373143	1660944384	0
1644167171	1372373143	1660944384	0
1644167172	1372373178	1644167168	0
1644167173	1372373232	1644167168	0
1644167174	1372373232	1644167168	0
1644167175	1372373233	1644167168	0
1644167176	1372373629	1644167168	1644167466
1644167177	1372377115	1644167168	1644167519
1644167178	1372377227	1644167168	1644167519
1644167179	1372377504	1644167168	1644167528
1644167180	1372378221	1644167168	1644167528
1644167181	1372378420	1644167168	1644167528
1644167182	1372378497	1644167168	1644167528
1644167183	1372379520	1644167168	1644167528
1644167184	1372379814	1644167168	1644167528
1644167185	1372434246	1644167168	1644167610
1644167186	1372435202	1644167168	1644167610
1644167187	1372435672	1644167168	1644167658
1644167188	1372436068	1644167168	1644167658
1644167189	1372436512	1644167168	1644167662
1644167190	1372710355	1644167168	1644167716
1644167191	1372710466	1644167168	1644167729
1644167192	1372710981	1644167168	1644167750
1644167193	1372715977	1644167168	1644167798
1644167194	1372716506	1644167168	1644167798
1644167195	1372719111	1644167168	1644167799
1644167196	1372719595	1644167168	1644167799
1644167197	1372720088	1644167168	1644167800
1644167198	1372720258	1644167168	1644167800
1644167199	1372721940	1644167168	1644167800
1644167200	1372805494	1644167168	1644167954
1644167201	1372890312	1644167168	1644168004
1644167202	1385240041	1644167168	1644168093
1644167203	1385240581	1644167168	1644168102
1644167204	1385240841	1644167168	1644168114
1644167205	1385241005	1644167168	1644168118
1644167206	1385241461	1644167168	1644168118
1644167207	1385258972	1644167168	1644168240
1644167208	1385259345	1644167168	1644168240
1644167209	1385264090	1644167168	1644168602
1644167210	1385264231	1644167168	1644168602
1644167211	1385266151	1644167168	1644168607
1644167212	1385266673	1644167168	1644168607
1644167213	1385266907	1644167168	1644168607
1644167214	1385267482	1644167168	1644168607
1644167215	1385308727	1644167168	1644168732
1644167216	1385308919	1644167168	1644168732
1644167217	1385309412	1644167168	1644168732
1644167218	1385323056	1644167168	1644168735
1644167219	1385324540	1644167168	1644168754
1644167220	1385325693	1644167168	1644168754
1644167221	1385326093	1644167168	1644168754
1644167222	1385333931	1644167168	1644168952
1644167223	1385334074	1644167168	1644168953
1644167224	1385335371	1644167168	1644168977
1644167225	1385335894	1644167168	1644168977
1644167226	1385337186	1644167168	1644168977
1644167227	1385338091	1644167168	1644168977
1644167228	1385340041	1644167168	1644168980
1644167229	1385341669	1644167168	1644168980
1644167230	1385342053	1644167168	1644168980
1644167231	1385342956	1644167168	1644168980
1644167232	1385388869	1644167168	1644168996
1644167233	1385390220	1644167168	1644168996
1644167234	1385391308	1644167168	1644168996
1644167235	1385391553	1644167168	1644168998
1644167236	1385393178	1644167168	1644169010
1644167237	1385410995	1644167168	1644169039
1644167238	1385413806	1644167168	1644169050
1644167239	1385431079	1644167168	1644169301
1644167240	1385437087	1644167168	1644169318
1644167241	1385438111	1644167168	1644169324
1644167242	1385439593	1644167168	1644169332
1644167243	1385440501	1644167168	1644169334
1644167244	1385474898	1644167168	1644169334
1644167245	1385483462	1644167168	1644169411
1644167246	1385483567	1644167168	1644169415
1644167247	1385484214	1644167168	1644169415
1644167248	1385484497	1644167168	1644169416
1644167249	1385484794	1644167168	1644169416
1644167250	1385486282	1644167168	1644169418
1644167251	1385487266	1644167168	1644169418
1644167252	1385488790	1644167168	1644169420
1644167253	1385489303	1644167168	1644169420
1644167254	1385502738	1644167168	1644169445
1644167255	1385505504	1644167168	1644169452
1644167256	1385506299	1644167168	1644169452
1644167257	1385562059	1644167168	1644169459
1644167258	1385563799	1644167168	1644169460
1644167259	1385566011	1644167168	1644169460
1644167260	1385734344	1644167168	1644169513
1644167261	1385736070	1644167168	1644169513
1644167262	1385821135	1644167168	1644169554
1644167263	1385821246	1644167168	1644169556
1644167264	1385822372	1644167168	1644169556
1644167265	1385912705	1644167168	1644169572
1644167266	1385912861	1644167168	1644169576
1644167267	1385913556	1644167168	1644169576
1644167268	1385914257	1644167168	1644169576
1644167269	1385916123	1644167168	1644169576
1644167270	1385920525	1644167168	1644169576
1644167271	1385921944	1644167168	1644169576
1644167272	1385922071	1644167168	1644169576
1644167273	1386184975	1644167168	1644169586
1644167274	1386190989	1644167168	1644169627
1644167275	1386193672	1644167168	1644169633
1644167276	1386196194	1644167168	1644169633
1644167277	1386203478	1644167168	1644169648
1644167278	1386531631	1644167168	1644169651
1644167279	1386546510	1644167168	1644169830
1644167280	1386546825	1644167168	1644169830
1644167281	1386547236	1644167168	1644169830
1644167282	1386547579	1644167168	1644169830
1644167283	1386548127	1644167168	1644169830
1644167284	1386548594	1644167168	1644169830
1644167285	1386605351	1644167168	1644169866
1644167286	1386609284	1644167168	1644169873
1644167287	1386623610	1644167168	1644169891
1644167288	1386628819	1644167168	1644169898
1644167289	1386631344	1644167168	1644169898
1644167290	1386692272	1644167168	1644169898
1644167291	1386694344	1644167168	1644169898
1644167292	1386811299	1644167168	1644169898
1644167293	1386868905	1644167168	1644169931
1644167294	1386869888	1644167168	1644169931
1644167295	1386871879	1644167168	1644169931
1644167296	1386876860	1644167168	1644169931
1644167297	1386877905	1644167168	1644169931
1644167298	1386881177	1644167168	1644170018
1644167299	1386881814	1644167168	1644170018
1644167300	1386882865	1644167168	1644170018
1644167301	1386888200	1644167168	1644170052
1644167302	1386945881	1644167168	1644170072
1644167303	1386947378	1644167168	1644170072
1644167304	1388685766	1644167168	1644170080
1644167305	1388686399	1644167168	1644170080
1644167306	1388686541	1644167168	1644170080
1644167307	1388700184	1644167168	1644170119
1644167308	1388700498	1644167168	1644170160
1644167309	1388765331	1644167168	1644170210
1644167310	1388782152	1644167168	1644170218
1644167311	1388785725	1644167168	1644170218
1644167312	1388786479	1644167168	1644170218
1644167313	1388795480	1644167168	1644170454
1644167314	1388795602	1644167168	1644170454
1644167315	1388795851	1644167168	1644170454
1644167316	1388851830	1644167168	1644170479
1644167317	1388852182	1644167168	1644170479
1644167318	1388852980	1644167168	1644170479
1644167319	1388855414	1644167168	1644170479
1644167320	1388856502	1644167168	1644170486
1644167321	1388862378	1644167168	1644170486
1644167322	1388937291	1644167168	1644170569
1644167323	1388938916	1644167168	1644170597
1644167324	1388943315	1644167168	1644170597
1644167325	1388954856	1644167168	1644170597
1644167326	1388955185	1644167168	1644170597
1644167327	1388956210	1644167168	1644170597
1644167328	1388956582	1644167168	1644170597
1644167329	1388956838	1644167168	1644170597
1644167330	1388958358	1644167168	1644170599
1644167331	1388958496	1644167168	1644170599
1644167332	1388959121	1644167168	1644170599
1644167333	1388960389	1644167168	1644170633
1644167334	1388960484	1644167168	1644170633
1644167335	1388960834	1644167168	1644170633
1644167336	1389014026	1644167168	1644170644
1644167337	1389014592	1644167168	1644170645
1644167338	1389015097	1644167168	1644170645
1644167339	1389015350	1644167168	1644170645
1644167340	1389017790	1644167168	1644170660
1644167341	1389018369	1644167168	1644170664
1644167342	1389020944	1644167168	1644170664
1644167343	1389026604	1644167168	1644170682
1644167344	1389026773	1644167168	1644170684
1644167345	1389103193	1644167168	1644170704
1644167346	1389118181	1644167168	1644170827
1644167347	1389118559	1644167168	1644170827
1644167348	1389121592	1644167168	1644170827
1644167349	1389122217	1644167168	1644170827
1644167350	1389124207	1644167168	1644170829
1644167351	1389124450	1644167168	1644170829
1644167352	1389126484	1644167168	1644170829
1644167353	1389128204	1644167168	1644170829
1644167354	1389129316	1644167168	1644170829
1644167355	1389131450	1644167168	1644170841
1644167356	1389191672	1644167168	1644170863
1644167357	1389193904	1644167168	1644170863
1644167358	1389201478	1644167168	1644170883
1644167359	1389205574	1644167168	1644170896
1644167360	1389206346	1644167168	1644170896
1644167361	1389216594	1644167168	1644170924
1644167362	1389217329	1644167168	1644170924
1644167363	1389217732	1644167168	1644170924
1644167364	1389218629	1644167168	1644170924
1644167365	1389220485	1644167168	1644170938
1644167366	1389220833	1644167168	1644170938
1644167367	1389277942	1644167168	1644170950
1644167368	1389281715	1644167168	1644170958
1644167369	1389282732	1644167168	1644170958
1644167370	1389310935	1644167168	1644171031
1644167371	1389311327	1644167168	1644171031
1644167372	1389311800	1644167168	1644171033
1644167373	1389312276	1644167168	1644171036
1644167374	1389312794	1644167168	1644171036
1644167375	1389712126	1644167168	1644171047
1644167376	1389718507	1644167168	1644171093
1644167377	1389718722	1644167168	1644171097
1644167378	1389718881	1644167168	1644171101
1644167379	1389802668	1644167168	1644171197
1644167380	1389884106	1644167168	1644171244
1644167381	1394552872	1644167168	1644171311
1644167382	1394555201	1644167168	1644171322
1644167383	1394555681	1644167168	1644171322
1644167384	1394574141	1644167168	1644171392
1644167385	1394575898	1644167168	1644171396
1644167386	1394576215	1644167168	1644171396
1644167387	1394576410	1644167168	1644171396
1644167388	1394576612	1644167168	1644171396
1644167389	1394576753	1644167168	1644171396
1644167390	1394577046	1644167168	1644171396
1644167391	1394577628	1644167168	1644171396
1644167392	1394638217	1644167168	1644171496
1644167393	1394639238	1644167168	1644171499
1644167394	1394639816	1644167168	1644171499
1644167395	1394640229	1644167168	1644171499
1644167396	1394642220	1644167168	1644171501
1644167397	1394643893	1644167168	1644171503
1644167398	1394645433	1644167168	1644171507
1644167399	1394652032	1644167168	1644171564
1644167400	1394652564	1644167168	1644171564
1644167401	1394652803	1644167168	1644171564
1644167402	1394654840	1644167168	1644171581
1644167403	1394655545	1644167168	1644171581
1644167404	1394656789	1644167168	1644171587
1644167405	1394658885	1644167168	1644171588
1644167406	1394660207	1644167168	1644171590
1644167407	1394744038	1644167168	1644171864
1644167408	1394744715	1644167168	1644171865
1644167409	1394745078	1644167168	1644171865
1644167410	1394745144	1644167168	1644171865
1644167411	1394746726	1644167168	1644171866
1644167412	1394747766	1644167168	1644171866
1644167413	1394748930	1644167168	1644171866
1644167414	1394749435	1644167168	1644171867
1644167415	1394750876	1644167168	1644171875
1644167416	1394751412	1644167168	1644171881
1644167417	1394751623	1644167168	1644171881
1644167418	1394752344	1644167168	1644171883
1644167419	1394755749	1644167168	1644171885
1644167420	1394757709	1644167168	1644171889
1644167421	1394759341	1644167168	1644171889
1644167422	1394759904	1644167168	1644171889
1644167423	1394760271	1644167168	1644171889
1644167424	1395066528	1644167168	1644171889
1644167425	1395070199	1644167168	1644171890
1644167426	1395070564	1644167168	1644171890
1644167427	1395074258	1644167168	1644171891
1644167428	1395087544	1644167168	1644171914
1644167429	1395091205	1644167168	1644171914
1644167430	1395091588	1644167168	1644171914
1644167431	1395092147	1644167168	1644171914
1644167432	1395092682	1644167168	1644171915
1644167433	1395096097	1644167168	1644171915
1644167434	1395096807	1644167168	1644171915
1644167435	1395097301	1644167168	1644171916
1644167436	1395098003	1644167168	1644171916
1644167437	1395355437	1644167168	1644171919
1644167438	1395842491	1644167168	1644171969
1644167439	1395845931	1644167168	1644172000
1644167440	1395867898	1644167168	1644172000
1644167441	1395932046	1644167168	1644172010
1644167442	1395932601	1644167168	1644172010
1644167443	1396101862	1644167168	1644172011
1644167444	1396102296	1644167168	1644172011
1644167445	1396103073	1644167168	1644172011
1644167446	1396103444	1644167168	1644172011
1644167447	1396186304	1644167168	1644172011
1644167448	1396390420	1644167168	1644172012
1644167449	1396626800	1644167168	1644172012
1644167450	1396629474	1644167168	1644172012
1644167451	1396716757	1644167168	1644172281
1644167452	1396739694	1644167168	1644172331
1644167453	1396740085	1644167168	1644172331
1644167454	1396740197	1644167168	1644172331
1644167455	1396740387	1644167168	1644172331
1644167456	1396879315	1644167168	1644172331
1644167457	1396879871	1644167168	1644172331
1644167458	1414781222	1644167168	1644172331
1644167459	1414792689	1644167168	1644172331
1644167460	1415546391	1644167168	1644172339
1644167461	1415556516	1644167168	1644172352
1644167462	1415557028	1644167168	1644172362
1644167463	1415558255	1644167168	1644172363
1644167464	1415559711	1644167168	1644172363
1644167465	1415560612	1644167168	1644172365
1644167466	1415561258	1644167168	1644172365
1644167467	1415561613	1644167168	1644172365
1644167468	1415572208	1644167168	1644172380
1644167469	1415572995	1644167168	1644172380
1644167470	1420477197	1644167168	1644172409
1644167471	1420478799	1644167168	1644172411
1644167472	1420479088	1644167168	1644172412
1644167473	1420503435	1644167168	1644172775
1644167474	1420563723	1644167168	1644172793
1644167475	1420564661	1644167168	1644172795
1644167476	1420566453	1644167168	1644172806
1644167477	1420566602	1644167168	1644172806
1644167478	1420567215	1644167168	1644172807
1644167479	1420588107	1644167168	1644172851
1644167480	1421502082	1644167168	1644172882
1644167481	1421503744	1644167174	1644172883
1644167482	1421504104	1644167174	1644172883
1644167483	1421691073	1644167174	1644172977
1644167484	1421697113	1644167174	1644172977
1644167485	1421773458	1644167174	1644173047
1644167486	1421773703	1644167174	1644173047
1644167487	1421775843	1644167174	1644173048
1644167488	1421784385	1644167174	1644173051
1644167489	1422109609	1644167174	1644173066
1644167490	1422110398	1644167174	1644173070
1644167491	1422294438	1644167174	1644173083
1644167492	1422377056	1644167174	1644173086
1644167493	1422536661	1644167174	1644173086
1644167494	1422542318	1644167174	1644173100
1644167495	1422547245	1644167174	1644173100
1644167496	1422547654	1644167174	1644173100
1644167497	1422550333	1644167174	1644173100
1644167498	1422881089	1644167174	1644173134
1644167499	1422882645	1644167174	1644173134
1644167500	1422886302	1644167174	1644173140
1644167501	1422887310	1644167174	1644173140
1644167502	1422889084	1644167174	1644173140
1644167503	1422894633	1644167174	1644173140
1644167504	1422895670	1644167174	1644173140
1644167505	1422896341	1644167174	1644173140
1644167506	1422897047	1644167174	1644173140
1644167507	1422898408	1644167174	1644173140
1644167508	1422899948	1644167174	1644173142
1644167509	1422901523	1644167174	1644173146
1644167510	1422906229	1644167174	1644173160
1644167511	1422909125	1644167174	1644173162
1644167512	1422917997	1644167174	1644173164
1644167513	1422922914	1644167174	1644173164
1644167514	1422925760	1644167174	1644173176
1644167515	1422972592	1644167174	1644173176
1644167516	1422991630	1644167174	1644173198
1644167517	1422992102	1644167174	1644173202
1644167518	1423017436	1644167174	1644173202
1644167519	1424394780	1644167174	1644173212
1644167520	1424395365	1644167174	1644173212
1644167521	1424449267	1644167174	1644173212
1644167522	1424449397	1644167174	1644173212
1644167523	1424454341	1644167174	1644173212
1644167524	1424455013	1644167174	1644173212
1644167525	1424456039	1644167174	1644173212
1644167526	1424480204	1644167174	1644173232
1644167527	1424541747	1644167174	1644173232
1644167528	1424541942	1644167174	1644173232
1644167529	1424549166	1644167174	1644173271
1644167530	1424549728	1644167174	1644173271
1644167531	1424971440	1644167174	1644173274
1644167532	1428760468	1644167174	1644173316
1644167533	1428762890	1644167174	1644173316
1644167534	1428766529	1644167174	1644173316
1644167535	1428771036	1644167174	1644173345
1644167536	1428791576	1644167174	1644173345
1644167537	1428791981	1644167174	1644173345
1644167538	1428844692	1644167174	1644173414
1644167539	1428854521	1644167174	1644173419
1644167540	1428854713	1644167174	1644173419
1644167541	1428854878	1644167174	1644173419
1644167542	1428859422	1644167174	1644173460
1644167543	1428859561	1644167174	1644173460
1644167544	1428859810	1644167174	1644173462
1644167545	1428864186	1644167174	1644173466
1644167546	1428865005	1644167174	1644173466
1644167547	1428865928	1644167174	1644173466
1644167548	1428932405	1644167174	1644173522
1644167549	1428933516	1644167174	1644173522
1644167550	1428933861	1644167174	1644173522
1644167551	1430308679	1644167174	1644173541
1644167552	1430331781	1644167174	1644173541
1644167553	1430340167	1644167174	1644173555
1644167554	1430346845	1644167174	1644173555
1644167555	1430481698	1644167174	1644173566
1644167556	1430486876	1644167174	1644173581
1644167557	1430572563	1644167174	1644173581
1644167558	1430655257	1644167174	1644173581
1644167559	1430657088	1644167174	1644173585
1644167560	1430658142	1644167174	1644173585
1644167561	1430658485	1644167174	1644173585
1644167562	1430830155	1644167174	1644173650
1644167563	1430831090	1644167174	1644173654
1644167564	1430834339	1644167174	1644173660
1644167565	1430868284	1644167174	1644173664
1644167566	1431174595	1644167174	1644173679
1644167567	1431178887	1644167174	1644173679
1644167568	1431179770	1644167174	1644173679
1644167569	1431523974	1644167174	1644173739
1644167570	1431524376	1644167174	1644173740
1644167571	1431525437	1644167174	1644173747
1644167572	1431532374	1644167174	1644173747
1644167573	1431539905	1644167174	1644173750
1644167574	1431560598	1644167174	1644173751
1644167575	1431569116	1644167174	1644173763
1644167576	1431574278	1644167174	1644173763
1644167577	1431651177	1644167174	1644173767
1644167578	1431790609	1644167174	1644173773
1644167579	1431797981	1644167174	1644173788
1644167580	1431810681	1644167174	1644173788
1644167581	1431864094	1644167174	1644173788
1644167582	1432127435	1644167174	1644173810
1644167583	1432558534	1644167174	1644173810
1644167584	1432681898	1644167174	1644173814
1644167585	1432779611	1644167174	1644173814
1644167586	1432780738	1644167174	1644173814
1644167587	1432782297	1644167174	1644173814
1644167588	1432857147	1644167174	1644173814
1644167589	1432993430	1644167174	1644173842
1644167590	1433026650	1644167174	1644173852
1644167591	1433027577	1644167174	1644173852
1644167592	1433078092	1644167174	1644173852
1644167593	1433103929	1644167174	1644173852
1644167594	1433596957	1644167174	1644173852
1644167595	1433597800	1644167174	1644173852
1644167596	1433599925	1644167174	1644173852
1644167597	1433602077	1644167174	1644173852
1644167598	1434024613	1644167174	1644173862
1644167599	1434456094	1644167174	1644173888
1644167600	1434456441	1644167174	1644173888
1644167601	1434459117	1644167174	1644173891
1644167602	1435067191	1644167174	1644173891
1644167603	1437517128	1644167174	1644173894
1644167604	1438429163	1644167174	1644173950
1644167605	1438431137	1644167174	1644173956
1644167606	1438431243	1644167174	1644173960
1644167607	1438465103	1644167174	1644173960
1644167608	1440858652	1644167174	1644173993
1644167609	1440860676	1644167174	1644173993
1644167610	1440891033	1644167174	1644173994
1644167611	1440892671	1644167174	1644173994
1644167612	1441458757	1644167174	1644174010
1644167613	1442579729	1644167174	1644174013
1644167614	1445979950	1644167174	1644174021
1644167615	1445983936	1644167174	1644174028
1644167616	1446472597	1644167174	1644174034
1644167617	1464904367	1644167174	1644174034
1644167618	1464904754	1644167174	1644174034
1644167619	1464959055	1644167174	1644174052
1644167620	1464959378	1644167174	1644174052
1644167621	1464959520	1644167174	1644174052
1644167622	1464960161	1644167174	1644174052
1644167623	1464961514	1644167174	1644174052
1644167624	1464962291	1644167174	1644174052
1644167625	1464983606	1644167174	1644174055
1644167626	1466426327	1644167174	1644174055
1644167627	1473379477	1644167174	1644174078
1644167628	1473379502	1644167174	1644174160
1644167629	1473379766	1644167174	1644174282
1644167630	1473631297	1644167174	1644174297
1644167631	1473690550	1644167174	1644174297
1644167632	1497725215	1644167174	1644174388
1644167633	1497726333	1644167174	1644174388
1644167634	1497824863	1644167174	1644174432
1644167635	1498419630	1644167174	1644174910
1644167636	1500900575	1644167174	1644175230
1644167637	1500902581	1644167174	1644175230
1644167638	1500988537	1644167174	1644175230
1644167639	1500989441	1644167174	1644175230
1644167640	1500990425	1644167174	1644175230
1644167641	1500995456	1644167174	1644175289
1644167642	1501351435	1644167174	1644175325
1644167643	1501353221	1644167174	1644175325
1644167644	1501420842	1644167174	1644175325
1644167645	1504382495	1644167174	1644175326
1644167646	1505308763	1644167174	1644175335
1644167647	1505309195	1644167174	1644175337
1644167648	1505379567	1644167174	1644175340
1644167649	1519701560	1644167174	1644175340
1644167650	1532987163	1644167174	1644175352
1644167651	1532990328	1644167174	1644175352
1644167652	1533072347	1644167174	1644175376
1644167653	1533074584	1644167174	1644175376
1644167654	1533074958	1644167174	1644175376
1644167655	1533075127	1644167174	1644175376
1644167656	1533075372	1644167174	1644175376
1644167657	1533075520	1644167174	1644175376
1644167658	1533076210	1644167174	1644175376
1644167659	1533076396	1644167174	1644175376
1644167660	1533076571	1644167174	1644175376
1644167661	1533084197	1644167174	1644175376
1644167662	1533084409	1644167174	1644175376
1644167663	1533129323	1644167174	1644175379
1644167664	1533134696	1644167174	1644175379
1644167665	1533134735	1644167174	1644175379
1644167666	1533146212	1644167174	1644175379
1644167667	1533147572	1644167174	1644175379
1644167668	1533148915	1644167174	1644175379
1644167669	1533219364	1644167174	1644175379
1644167670	1533222291	1644167174	1644175379
1644167671	1533224482	1644167174	1644175379
1644167672	1533595049	1644167174	1644175379
1644167673	1533647690	1644167174	1644175379
1644167674	1533654236	1644167174	1644175379
1644167675	1533654971	1644167174	1644175379
1644167676	1533677390	1644167174	1644175379
1644167677	1533679158	1644167174	1644175379
1644167678	1533771745	1644167174	1644175379
1644167679	1533819357	1644167174	1644175382
1644167680	1533821581	1644167174	1644175382
1644167681	1533822103	1644167174	1644175382
1644167682	1533825368	1644167174	1644175382
1644167683	1533834363	1644167174	1644175382
1644167684	1536415224	1644167174	1644175432
1644167685	1536787539	1644167174	1644175432
1644167686	1540152833	1644167174	1644175436
1644167687	1541075463	1644167174	1644175437
1644167688	1542748174	1644167174	1644175437
1644167689	1542898025	1644167174	1644175438
1644167690	1542984550	1644167174	1644175438
1644167691	1542985561	1644167174	1644175438
1644167692	1542988789	1644167174	1644175441
1644167693	1544048423	1644167174	1644175580
1644167694	1544049591	1644167174	1644175587
1644167695	1544051505	1644167174	1644175587
1644167696	1544052557	1644167174	1644175587
1644167697	1544053614	1644167174	1644175587
1644167698	1545258688	1644167174	1644175587
1644167699	1545261598	1644167174	1644175593
1644167700	1545264397	1644167174	1644175593
1644167701	1547566387	1644167174	1644175593
1644167702	1548804150	1644167174	1644175593
1644167703	1549566093	1644167174	1644175747
1644167704	1551285432	1644167174	1644175748
1644167705	1554055213	1644167174	1644175748
1644167706	1554844469	1644167174	1644175753
1644167707	1561677562	1644167174	1644175774
1644167708	1561726836	1644167174	1644175774
1644167709	1569525336	1644167174	1644175776
1644167710	1569532402	1644167174	1644175776
1644167711	1572465183	1644167174	1644175776
1644167712	1572527413	1644167174	1644175779
1644167713	1572528368	1644167174	1644175779
1644167714	1572639124	1644167174	1644175783
1644167715	1572639405	1644167174	1644175783
1644167716	1572643832	1644167174	1644175783
1644167717	1572644746	1644167174	1644175783
1644167718	1667835714	1644167174	1644175790
