-1	1	-1	-1	-1	-1	-1	642	<All>	All verbs
243
121
548
304
426
182
487
60
365
609
59
303
425
181
486
242
364
120
669
547
608
58
241
119
424
180
485
363
302
546
607
57
301
423
240
484
179
118
362
545
667
606
178
422
239
361
300
117
483
56
666
544
605
116
177
299
238
421
55
360
482
543
604
665
237
176
420
359
115
54
481
298
603
542
664
236
419
358
53
175
480
114
297
541
602
663
174
235
418
357
52
296
113
540
601
662
112
356
173
234
417
51
295
539
600
172
355
477
233
416
294
50
111
538
354
293
110
415
232
476
49
171
537
170
353
292
475
231
48
109
536
414
658
108
169
230
291
474
352
47
535
413
46
290
107
168
229
351
473
534
412
656
717
106
289
350
228
45
472
167
533
411
655
716
227
288
105
166
349
471
410
44
715
287
470
531
165
409
226
714
43
348
104
653
286
103
713
408
469
42
164
225
347
530
652
224
285
407
468
41
163
346
102
529
651
712
345
40
406
467
223
101
284
162
528
650
711
405
39
161
222
344
283
100
466
527
710
343
404
465
221
38
99
282
160
526
37
403
464
98
220
281
342
159
525
219
402
36
280
463
341
97
158
524
462
218
96
279
340
401
35
157
523
34
217
95
461
278
156
339
400
522
94
460
33
399
277
155
338
216
582
521
704
93
215
276
459
154
337
32
398
520
703
92
31
397
458
519
153
336
214
275
580
702
91
518
30
152
213
274
335
701
396
457
334
90
273
212
29
151
395
517
700
456
89
272
150
211
28
333
394
699
516
455
88
698
271
149
210
27
393
332
515
454
331
26
270
87
209
697
148
392
514
453
208
86
391
330
696
147
269
25
513
452
390
85
146
329
268
24
207
512
695
634
451
23
145
328
267
84
206
389
511
633
694
450
449
22
327
266
83
205
144
388
510
632
693
204
265
326
21
387
82
143
509
448
692
631
203
81
264
20
386
325
142
569
508
691
447
630
202
263
385
446
629
80
141
324
19
507
690
568
201
140
18
262
323
384
506
445
79
628
689
567
139
444
383
200
78
17
322
261
566
505
627
688
199
565
443
382
77
138
321
260
16
504
626
320
442
381
76
15
137
198
259
503
564
625
319
136
14
380
75
258
441
197
502
624
563
318
440
379
196
257
13
135
74
501
623
562
134
439
378
317
12
73
256
195
500
622
11
316
438
377
194
72
499
133
255
682
621
10
132
193
315
71
437
376
498
254
681
620
9
314
436
375
131
192
70
497
253
680
619
8
69
313
435
374
191
252
496
130
618
679
373
68
312
7
434
190
129
251
495
556
617
6
189
372
311
433
67
128
494
250
555
616
677
5
371
310
432
188
493
66
127
249
554
615
309
65
431
4
492
370
126
187
248
675
614
3
308
125
552
430
64
186
369
491
247
613
307
429
2
368
63
185
490
124
246
551
673
612
245
62
123
306
184
428
1
367
489
611
122
305
61
427
183
366
488
244
549
610
-1	2	-1	-1	-1	-1	-1	26	Inheritance	Classify objects and build class hierarchies
556
545
457
548
374
347
324
323
291
290
67
42
33
205
199
31
217
209
109
244
242
108
243
241
6
463
-1	3	-1	-1	-1	-1	-1	5	Decomposition	Split objects into components
208
61
81
5
222
-1	4	-1	-1	-1	-1	-1	29	Relation	Define entity model
396
395
246
11
9
144
32
28
187
179
162
143
135
84
56
19
16
13
12
26
23
178
245
82
331
294
332
333
295
-1	5	-1	-1	-1	-1	-1	183	Definition	Define design objects and their basic properties
410
394
393
392
391
371
373
372
356
355
354
353
61
81
5
268
267
266
255
218
254
225
315
314
313
312
292
316
311
310
308
309
307
306
123
304
305
293
216
215
253
176
177
322
321
320
226
262
319
24
48
83
101
52
27
45
99
164
78
163
220
156
155
154
153
152
151
150
149
148
147
146
145
111
74
73
66
60
49
44
43
104
41
38
30
29
197
195
124
126
165
79
77
194
166
21
167
113
47
114
71
184
193
69
235
238
20
234
237
233
236
62
130
118
17
127
85
93
90
91
168
105
95
107
94
22
89
103
161
219
14
8
87
86
121
92
40
88
39
10
112
189
34
18
59
3
204
203
202
201
80
141
212
159
160
206
207
217
325
330
348
301
343
344
349
351
350
352
390
397
398
221
443
444
446
464
467
470
474
473
471
472
476
-1	6	-1	-1	-1	-1	-1	28	Presentation	Relate design objects to diagrams/subject areas
282
279
278
277
230
276
240
280
55
115
98
76
72
4
2
169
174
58
57
46
224
110
223
281
399
499
498
408
-1	7	-1	-1	-1	-1	-1	107	Implementation	Specify variant-dependent properties
389
388
384
383
382
381
380
379
378
377
376
375
385
346
269
329
229
328
228
327
232
231
317
289
273
272
285
326
271
288
287
227
286
170
210
214
25
117
128
175
133
185
213
192
191
198
54
53
131
129
1
182
183
181
180
173
36
125
65
123
119
132
116
172
134
265
299
339
337
338
340
300
342
368
367
366
369
387
386
409
402
400
401
64
21
280
166
460
461
225
488
489
490
491
492
494
495
496
497
480
481
482
483
484
485
486
487
-1	8	-1	-1	-1	-1	-1	5	Statistical	Quantify database volatility
138
142
140
136
139
-1	9	-1	-1	-1	-1	-1	13	Translation	Specify language-dependent names
211
15
96
190
196
75
64
7
68
106
37
345
465
-1	10	-1	-1	-1	-1	-1	35	Private	Properties normally maintained automatically by the product
102
51
50
70
252
35
251
100
63
186
122
9
250
249
248
97
247
171
11
158
157
120
137
200
188
274
275
302
335
336
362
363
364
365
370
-1	11	-1	-1	-1	-1	-1	108	Enumerated	Define properties with constant value targets
383
373
372
346
347
209
48
268
25
52
128
175
51
50
70
267
329
45
210
328
266
53
327
220
255
212
317
289
254
77
216
215
184
315
314
313
312
36
292
326
316
311
310
176
234
253
233
308
309
307
306
123
304
305
293
90
91
271
119
94
217
86
132
288
130
14
287
226
87
286
127
121
172
11
143
56
13
9
246
144
23
140
138
136
142
139
331
332
325
341
337
338
274
275
302
366
369
335
362
363
370
386
390
397
398
409
476
446
-1	12	-1	-1	-1	-1	-1	3	COM Packages	Displays imported packages, Interfaces and Components.
503
500
502
-1	13	-1	-1	-1	-1	-1	4	Interface Members	Displays parent interface, Methods and Properties.
600
541
542
540
