-1	1	-1	-1	-1	-1	-1	631	<All>	All verbs
243
121
548
304
426
182
487
60
365
609
59
303
425
181
486
242
364
120
669
547
608
58
241
119
424
180
485
363
302
546
607
57
301
423
240
484
179
118
362
545
667
606
178
422
239
361
300
117
483
56
666
544
605
116
177
299
238
421
55
360
482
543
604
665
237
176
420
359
115
54
481
298
603
542
664
236
419
358
53
175
480
114
297
541
602
663
174
235
418
357
52
296
113
540
601
662
112
356
173
234
417
51
295
539
600
172
355
477
233
416
294
50
111
538
354
293
110
415
232
476
49
171
537
170
353
292
475
231
48
109
536
414
658
108
169
230
291
474
352
47
535
413
46
290
107
168
229
351
473
534
412
656
106
289
350
228
45
472
167
533
411
655
227
288
105
166
349
471
410
44
287
470
531
165
409
226
43
348
104
653
286
103
408
469
42
164
225
347
530
652
224
285
407
468
41
163
346
102
529
651
345
40
406
467
223
101
284
162
528
650
405
39
161
222
344
283
100
466
527
343
404
465
221
38
99
282
160
526
37
403
464
98
220
281
342
159
525
219
402
36
280
463
341
97
158
524
462
218
96
279
340
401
35
157
523
34
217
95
461
278
156
339
400
522
94
460
33
399
277
155
338
216
582
521
93
215
276
459
154
337
32
398
520
92
31
397
458
153
336
214
275
580
702
91
518
30
152
213
274
335
701
396
457
334
90
273
212
29
151
395
517
700
456
89
272
150
211
28
333
394
699
516
455
88
698
271
149
210
27
393
332
515
454
331
26
270
87
209
697
148
392
514
453
208
86
391
330
696
147
269
25
513
452
390
85
146
329
268
24
207
512
695
634
451
23
145
328
267
84
206
389
511
633
694
450
449
22
327
266
83
205
144
388
510
632
693
204
265
326
21
387
82
143
509
448
692
631
203
81
264
20
386
325
142
569
508
691
447
630
202
263
385
446
629
80
141
324
19
507
690
568
201
140
18
262
323
384
506
445
79
628
689
567
139
444
383
200
78
17
322
261
566
505
627
688
199
565
443
382
77
138
321
260
16
504
626
320
442
381
76
15
137
198
259
503
564
625
319
136
14
380
75
258
441
197
502
624
563
318
440
379
196
257
13
135
74
501
623
562
134
439
378
317
12
73
256
195
500
622
11
316
438
377
194
72
499
133
255
682
621
10
132
193
315
71
437
376
498
254
681
620
9
314
436
375
131
192
70
497
253
680
619
8
69
313
435
374
191
252
496
130
618
679
373
68
312
7
434
190
129
251
495
556
617
6
189
372
311
433
67
128
494
250
555
616
677
5
371
310
432
188
493
66
127
249
554
615
309
65
431
4
492
370
126
187
248
675
614
3
308
125
552
430
64
186
369
491
247
613
307
429
2
368
63
185
490
124
246
551
673
612
245
62
123
306
184
428
1
367
489
611
122
305
61
427
183
366
488
244
549
610
-1	2	-1	-1	-1	-1	-1	25	Inheritance	Classify objects and build class hierarchies
6
241
243
108
242
244
109
209
217
31
199
205
33
42
67
290
291
323
324
347
374
548
457
545
556
-1	3	-1	-1	-1	-1	-1	5	Decomposition	Split objects into components
222
5
81
61
208
-1	4	-1	-1	-1	-1	-1	29	Relation	Define entity model
295
333
332
294
331
82
245
178
23
26
12
13
16
19
56
84
135
143
162
179
187
28
32
144
9
11
246
395
396
-1	5	-1	-1	-1	-1	-1	172	Definition	Define design objects and their basic properties
221
398
397
390
352
350
351
349
344
343
301
348
330
325
217
207
206
160
159
212
141
80
201
202
203
204
3
59
18
34
189
112
10
39
88
40
92
121
86
87
8
14
219
161
103
89
22
94
107
95
105
168
91
90
93
85
127
17
118
130
62
236
233
237
234
20
238
235
69
193
184
71
114
47
113
167
21
166
194
77
79
165
126
124
195
197
29
30
38
41
104
43
44
49
60
66
73
74
111
145
146
147
148
149
150
151
152
153
154
155
156
220
163
78
164
99
45
27
52
101
83
48
24
319
262
226
320
321
322
177
176
253
215
216
293
305
304
123
306
307
309
308
310
311
316
292
312
313
314
315
225
254
218
255
266
267
268
5
81
61
353
354
355
356
372
373
371
391
392
393
394
410
-1	6	-1	-1	-1	-1	-1	27	Presentation	Relate design objects to diagrams/subject areas
498
499
399
281
223
110
224
46
57
58
174
169
2
4
72
76
98
115
55
280
240
276
230
277
278
279
282
-1	7	-1	-1	-1	-1	-1	83	Implementation	Specify variant-dependent properties
401
400
402
409
386
387
369
366
367
368
342
300
340
338
337
339
299
265
134
172
116
132
119
123
65
125
36
173
180
181
183
182
1
129
131
53
54
198
191
192
213
185
133
175
128
117
25
214
210
170
286
227
287
288
271
326
285
272
273
289
317
231
232
327
228
328
229
329
269
346
385
375
376
377
378
379
380
381
382
383
384
388
389
-1	8	-1	-1	-1	-1	-1	5	Statistical	Quantify database volatility
139
136
140
142
138
-1	9	-1	-1	-1	-1	-1	12	Translation	Specify language-dependent names
345
37
106
68
7
64
75
196
190
96
15
211
-1	10	-1	-1	-1	-1	-1	35	Private	Properties normally maintained automatically by COOL:Plex
370
365
364
363
362
336
335
302
275
274
188
200
137
120
157
158
11
171
247
97
248
249
250
9
122
186
63
100
251
35
252
70
50
51
102
-1	11	-1	-1	-1	-1	-1	106	Enumerated	Define properties with constant value targets
409
398
397
390
386
370
363
362
335
369
366
302
275
274
338
337
341
325
332
331
139
142
136
138
140
23
144
246
9
13
56
143
11
172
121
127
286
87
226
287
14
130
288
132
86
217
94
119
271
91
90
293
305
304
123
306
307
309
308
233
253
234
176
310
311
316
326
292
36
312
313
314
315
184
215
216
77
254
289
317
212
255
220
327
53
266
328
210
45
329
267
70
50
51
175
128
52
25
268
48
209
347
346
372
373
383
-1	12	-1	-1	-1	-1	-1	3	COM Packages	Displays imported packages, Interfaces and Components.
502
500
503
-1	13	-1	-1	-1	-1	-1	4	Interface Members	Displays parent interface, Methods and Properties.
540
542
541
600
